#usda 1.0
(
    metersPerUnit = 0.01
    upAxis = "Y"
)

def SkelRoot "OUTPUT" (
    kind = "component"
)
{
    float3[] extent = [(-91.30129, -0.26277515, -11.526144), (91.27119, 177.16599, 22.458752)]

    def Xform "c_skeleton_grp"
    {
        def Skeleton "Root" (
            prepend apiSchemas = ["SkelBindingAPI"]
            customData = {
                dictionary Maya = {
                    bool generated = 1
                }
            }
        )
        {
            uniform matrix4d[] bindTransforms = [( (1, 0, 0, 0), (0, 1, 0, 0), (0, 0, 1, 0), (0, 0, 0, 1) ), ( (-0.0029897914475804917, 0.9998153176742878, 0.01898398511805542, 0), (0.000056768386696603994, -0.018983900239751158, 0.999819787916321, 0), (0.9999955289522299, 0.002990330341242353, -4.441434199586869e-16, 0), (-0.004553594160824959, 99.90428924560545, -5.066755294799804, 1) ), ( (-0.0010629139517962872, 0.9997068438603213, 0.024188769145333855, 0), (0.0007624647163143601, -0.024187965580583486, 0.9997071376001218, 0), (0.9999991444303776, 0.0010810457472700612, -0.0007365314690203648, 0), (-0.03324361060214625, 104.90794025417512, -5.00884870743058, 1) ), ( (0.007028595629279363, 0.9873421799682269, -0.1584487882537095, 0), (0.00011573018444338581, 0.15845189795003667, 0.9873666910740687, 0), (0.9999752924197699, -0.006958138516868487, 0.0009994290247861397, 0), (-0.04081727130328649, 112.03121532654255, -4.8364953856157875, 1) ), ( (0.0053248089978161954, 0.9999553215879756, 0.007810328867882903, 0), (-0.037384439198095136, -0.007605917863336692, 0.9992720118762957, 0), (0.9992867707094795, -0.00561291736478312, 0.03734226886084195, 0), (0.012558048717315407, 119.52911974303127, -6.0397590305005195, 1) ), ( (-0.004873646324402632, 0.9391235116790546, 0.34354516061662815, 0), (0.009509552997563894, -0.34349018029352096, 0.9391081218069145, 0), (0.9999429063568033, 0.00784384175800153, -0.007256595150914443, 0), (-0.01166548907841872, 145.84555397905265, -6.30096489142953, 1) ), ( (0.006440051451977599, 0.9531169033756227, 0.30253379023996535, 0), (0.010008640219542779, -0.30258634675715695, 0.9530694255284411, 0), (0.999929173920959, -0.0031098642769432825, -0.011488075814833429, 0), (-0.050878422976783744, 153.40165994564194, -3.536830077848009, 1) ), ( (0.0010391370838667097, 0.9934824422502282, -0.11398051208273505, -8.673617379884035e-19), (0.002525933711299226, 0.1139776023157787, 0.9934801084215186, -1.0842021724855044e-19), (0.9999962699195467, -0.0013202692406454716, -0.0023910324391672733, 1.6940658945086007e-21), (-0.009450974585834295, 159.53284706586234, -1.590698007741577, 0.9999999999999999) ), ( (0.0010391370094500947, 0.9934824388923298, -0.11398054135168462, 0), (0.0025259337419132753, 0.11397763158479703, 0.9934801050635345, 0), (0.9999962699195466, -0.0013202692406454714, -0.0023910324391672724, 0), (0.011134834021042896, 175.6045836285935, -3.369658431652306, 1) ), ( (0.001039137009450018, 0.9934824388923266, -0.11398054135171483, -8.673617379884035e-19), (0.0025259337419133066, 0.11397763158482725, 0.9934801050635311, -1.0842021724855044e-19), (0.9999962699195465, -0.0013202692406454716, -0.0023910324391672724, 1.6940658945086007e-21), (0.001205997185193639, 159.99755515207207, 1.5058800977699258, 0.9999999999999999) ), ( (0.0010391370094500127, 0.9934824388923267, -0.1139805413517149, 0), (0.0025259337419133057, 0.11397763158482732, 0.9934801050635309, 0), (0.9999962699195467, -0.0013202692406454719, -0.0023910324391672733, 0), (3.222183579061579, 164.88211275795177, 6.007342923005453, 1) ), ( (0.0010391370094500162, 0.9934824388923265, -0.11398054135171493, 0), (0.0025259337419133057, 0.11397763158482732, 0.9934801050635309, 0), (0.9999962699195465, -0.0013202692406454714, -0.0023910324391672724, 0), (-3.2067073056928606, 164.8723750375402, 5.994004279939483, 1) ), ( (0.9183484186817663, -0.16329216617070752, -0.36051608892250164, 0), (0.3576993302082898, -0.04738106470512568, 0.932634024618419, 0), (-0.16937346626092403, -0.9854393452540277, 0.014897172620112104, 0), (1.5624600582023906, 142.69839440412002, -0.6060540099207544, 1) ), ( (0.62478832860415, -0.7797097627115066, 0.041136727779426764, 0), (0.310219089901798, 0.2962401350725352, 0.9033304481930775, 0), (-0.7165219192045232, -0.551628922650519, 0.4269682318333475, 0), (16.166146718117172, 140.10170446515573, -6.339023033942663, 1) ), ( (0.6974165462892944, -0.5790838832685312, 0.4222227103088497, 0), (0.014347187416638651, 0.6003119442592971, 0.7996372476272317, 0), (-0.7165223786980728, -0.5516225391680989, 0.42697570786473904, 0), (34.122132443183425, 117.69338187532104, -5.15678026424197, 1) ), ( (0.5747204336033093, -0.6014181955232669, 0.5549707895847867, 0), (-0.41571973460199985, 0.3695739726930047, 0.8310187609015537, 0), (-0.7048925630628171, -0.7083157719558756, -0.03761969879312486, 0), (53.017926133297784, 102.0036905835499, 6.28291472143553, 1) ), ( (0.12066539053460784, -0.5953086979422295, 0.7943849304219321, 0), (-0.9916311229472752, -0.035276700475650576, 0.12419046020478691, 0), (-0.04590838190849317, -0.802722310987977, -0.5945833094804003, 0), (52.333425426887004, 101.29303212739532, 10.3241663356907, 1) ), ( (0.15375151462182346, -0.5936081694916988, 0.7899302582280346, 0), (-0.9876745726456355, -0.06860773161186776, 0.14068375070467257, 0), (-0.029315700584424897, -0.8018243699687534, -0.5968402377717644, 0), (52.901192809953955, 98.49192008597977, 14.061994501239102, 1) ), ( (0.0918987719694157, -0.5679217051634597, 0.8179361543022424, 0), (-0.994796714407107, -0.08863998444671609, 0.05022399986173235, 0), (0.04397854835415266, -0.8182957228053401, -0.5731125520551325, 0), (53.33146867423902, 96.8306963334013, 16.272624581288024, 1) ), ( (0.09189877196941604, -0.5679217051634593, 0.8179361543022428, 0), (-0.9947967144071067, -0.08863998444671588, 0.0502239998617324, 0), (0.043978548354152436, -0.8182957228053402, -0.5731125520551327, 0), (53.623775752567, 95.0242574154359, 18.874313019304008, 1) ), ( (0.5567400197822515, -0.627215026702123, 0.5446483825845014, 0), (-0.35961650265105644, 0.40905082293569384, 0.8386616691352092, 0), (-0.748810070307472, -0.6627810607845456, 0.002178088940358272, 0), (53.8097357168713, 100.82272563128998, 10.035300397025972, 1) ), ( (0.6330585339230028, -0.5553066382209657, 0.5393249764056802, 0), (-0.39536564794235995, 0.3670443659223978, 0.8420002600188097, 0), (-0.6655245277631591, -0.7462660189184248, 0.012811399348605673, 0), (57.35455231021985, 96.82918789560446, 13.503129610847553, 1) ), ( (0.3752356316238373, -0.7212755064066063, 0.5822025975704276, 0), (-0.2777504575920226, 0.5117456342243556, 0.8130012848450698, 0), (-0.8843375509765949, -0.4667740885162814, -0.008309405665435365, 0), (59.673043621875514, 94.79545232730777, 15.47833446533039, 1) ), ( (0.33980698905603834, -0.80573416673161, 0.4851017035117351, 1.734723475976807e-18), (-0.1750649803808303, 0.45259050069435514, 0.8743649646031645, -8.673617379884035e-19), (-0.924058149053905, -0.38203964616588015, 0.012737579225280099, 8.673617379884035e-19), (60.54706084988083, 93.11543024985974, 16.834428526802082, 0.9999999999999999) ), ( (0.3398069890560381, -0.80573416673161, 0.4851017035117351, 0), (-0.17506498038083018, 0.45259050069435514, 0.8743649646031645, 0), (-0.9240581490539049, -0.38203964616588004, 0.012737579225280057, 0), (61.48758673127647, 90.88529997987455, 18.177105142531282, 1) ), ( (0.5685597069741373, -0.7262354567891589, 0.3864219467211001, 0), (-0.25435665190020185, 0.2915213295259912, 0.922126893689539, 0), (-0.7823314855223475, -0.6225731890578332, -0.018975537588095386, 0), (54.72951960470352, 100.73794864498319, 8.83923715401905, 1) ), ( (0.4763342885623739, -0.7935451935058817, 0.3786709275921375, 0), (-0.19254395739270302, 0.3260749736988383, 0.9255279228628702, 0), (-0.8579233473984343, -0.5137714836296531, 0.002528358687250404, 0), (58.29824912398593, 96.17952156058935, 11.264728394812966, 1) ), ( (0.2594419053959981, -0.8573546684765389, 0.4445591863475303, 0), (-0.12127422966134882, 0.4277551490842343, 0.8957221073815085, 0), (-0.9581140114540341, -0.2863014231075508, 0.007002583955309893, 0), (60.37340646712922, 92.72242280973848, 12.914415691231762, 1) ), ( (0.13149469940264624, -0.9033208903226069, 0.4083142333249977, 0), (-0.05166749294149903, 0.40508575407032593, 0.9128176170640088, 0), (-0.9899695016525247, -0.14112725093350503, 0.00659430373912008, 0), (61.15091477202782, 90.15303352444036, 14.246704793201383, 1) ), ( (0.13149469940264602, -0.9033208903226069, 0.40831423332499794, 0), (-0.051667492941498916, 0.4050857540703261, 0.9128176170640088, 0), (-0.9899695016525247, -0.14112725093350506, 0.006594303739120091, 0), (61.45641430270741, 88.05438923642649, 15.195325995842408, 1) ), ( (0.5652839437464505, -0.7558288810161666, 0.3304190756665076, 0), (-0.22500929570982595, 0.24408488528552566, 0.9432886014467259, 0), (-0.7936150702869924, -0.607573264221692, -0.03209125763149112, 0), (54.72740668925977, 100.07967555707025, 7.621715443236001, 1) ), ( (0.39990198387347275, -0.8531574660173452, 0.33496379128634624, 1.734723475976807e-18), (-0.15963662052652575, 0.29503970879081776, 0.9420550512700944, -4.336808689942018e-19), (-0.9025489198270259, -0.4302021715606418, -0.018208209785083158, 8.673617379884035e-19), (58.1378744670893, 95.51960685551794, 9.615198446807709, 0.9999999999999999) ), ( (0.07779131986482823, -0.901246788488023, 0.4262660399254351, 0), (-0.026650932860794285, 0.4255290503660655, 0.904552240101258, 0), (-0.9966133845836798, -0.08172670025505381, 0.009083398817802756, 0), (59.87767966852195, 91.80787775529849, 11.072487426101663, 1) ), ( (0.1244468370488413, -0.8967729471098183, 0.4246307408567002, 1.734723475976807e-18), (-0.06981180888424943, 0.4189833846112196, 0.9053061552646354, -8.673617379884035e-19), (-0.9897672939074359, -0.14230672771059633, -0.010464184605311162, 2.168404344971009e-19), (60.08393705363495, 89.4183835509749, 12.202657690230488, 0.9999999999999999) ), ( (0.12444683704884085, -0.8967729471098184, 0.4246307408567003, 0), (-0.06981180888424948, 0.4189833846112196, 0.9053061552646354, 0), (-0.9897672939074359, -0.14230672771059633, -0.010464184605311183, 0), (60.325076879525064, 87.68074008986407, 13.02545069784478, 1) ), ( (0.3966733600181357, -0.8948387761783672, 0.20472862550098997, 0), (-0.14034539738209734, 0.16128446752059697, 0.9768779299228019, 0), (-0.9071677986379276, -0.41623417109146627, -0.06160925198553129, 0), (54.893037030731946, 99.30890842150939, 6.583757023755803, 1) ), ( (0.22606390385022423, -0.9323074608926273, 0.28230818220508413, 0), (-0.1323477457034798, 0.25772732257220843, 0.9571106004046597, 0), (-0.9650798855966295, -0.25373101025239997, -0.0651259460821346, 0), (57.09432791599258, 94.34312759448723, 7.71987053166293, 1) ), ( (0.2925598426228144, -0.8925165039287826, 0.3432535924054659, 0), (-0.1433840685385707, 0.31395668870600835, 0.9385479244588874, 0), (-0.9454362735657228, -0.32379852969323747, -0.036121528132919994, 0), (57.78856810532098, 91.48003580980603, 8.586832438351163, 1) ), ( (0.1740680002876882, -0.9437934570680242, 0.2809879742470015, 0), (-0.027390691894907254, 0.2805932729716962, 0.9594358577625448, 0), (-0.9843526203923897, -0.17470353619380297, 0.022991154125381195, 0), (58.24194004862093, 90.09692742696902, 9.118763967886215, 1) ), ( (0.1740680002876881, -0.9437934570680242, 0.2809879742470015, 0), (-0.027390691894907254, 0.2805932729716962, 0.9594358577625447, 0), (-0.9843526203923897, -0.17470353619380297, 0.022991154125381188, 0), (58.58174244946445, 88.25452512446161, 9.667286949142738, 1) ), ( (0.9211713293348267, 0.1559548280225834, 0.35654098449961485, 0), (0.3525937820128637, 0.053239577398320116, -0.934260762466408, 0), (-0.1646845678786378, 0.9863283626738587, -0.0059459303504138345, 0), (-1.4412330408138676, 142.65727001356612, -0.6181244184256759, 1) ), ( (0.6225312342484209, 0.781598468721424, -0.03948032519449674, -8.673617379884035e-19), (0.316387555861307, -0.29749800763199163, -0.9007740282396601, 4.336808689942018e-19), (-0.7157889192221726, 0.548268883986061, -0.4324898310613015, -8.673617379884035e-19), (-16.205031400624605, 140.15776141323792, -6.332477543926167, 0.9999999999999999) ), ( (0.6980903984953993, 0.5775325831077404, -0.42323269129101504, 0), (0.01773387007606589, -0.6048639666326392, -0.7961313281874762, 0), (-0.7157899869239998, 0.5482660825897682, -0.4324916152956145, 0), (-34.094489121658796, 117.69724245502242, -5.197948654504228, 1) ), ( (0.576571977409224, 0.6045864410514974, -0.5495816501331734, 0), (-0.41205829691014983, -0.36566936658237786, -0.8345620853422169, 0), (-0.7055300949030621, 0.707644790583473, 0.03829014946626825, 0), (-53.03620989575281, 102.02669071441294, 6.285886054283099, 1) ), ( (0.11201334702908822, 0.5930210023173609, -0.7973575740518515, 0), (-0.992685115337175, 0.030402914206694227, -0.11684145067466603, 0), (-0.04504744027534868, 0.8046127973244352, 0.5920886542625068, 0), (-52.38064007428193, 101.28921395286632, 10.300658550333145, 1) ), ( (0.15557480498124476, 0.5938695377722759, -0.7893766225074008, 0), (-0.9875460831625362, 0.07454548441263238, -0.13854856326941437, 0), (-0.023435308518998388, 0.8011004574083262, 0.5980709351362854, 0), (-52.90750124750159, 98.4998834473666, 14.051108081240741, 1) ), ( (0.09342587554936949, 0.5660465078411734, -0.8190622422860468, -8.673617379884035e-19), (-0.9949505573442066, 0.08338257698201838, -0.05586353279457697, -1.0842021724855044e-19), (0.03667416281643998, 0.8201455339247118, 0.5709783787194251, -1.734723475976807e-18), (-53.34231924489892, 96.84005278121698, 16.257365017356747, 0.9999999999999999) ), ( (0.09342587554936999, 0.566046507841173, -0.8190622422860467, 0), (-0.9949505573442068, 0.08338257698201929, -0.05586353279457681, 0), (0.03667416281644009, 0.8201455339247115, 0.570978378719425, 0), (-53.639777482410295, 95.03784375727156, 18.865140930575375, 1) ), ( (0.5584920237704558, 0.6237451644696873, -0.5468351023713309, -8.673617379884035e-19), (-0.35612532751517123, -0.415087103192939, -0.8371842377070335, 8.673617379884035e-19), (-0.7491738186075327, 0.6623025491145099, -0.009691385320468773, -8.673617379884035e-19), (-53.858805921595206, 100.82409796017569, 10.01989240676794, 0.9999999999999999) ), ( (0.6245584558314103, 0.564092692064787, -0.5401168114478441, 0), (-0.39081646101091627, -0.37302191100305193, -0.8414969683335372, 0), (-0.6761576954027717, 0.7366505879117531, -0.01251727913246653, 0), (-57.402123397440626, 96.86678590870618, 13.489253357335846, 1) ), ( (0.376408138708319, 0.7176520020668054, -0.5859116973091124, 0), (-0.28406943267577134, -0.512558851213833, -0.8103011671357886, 0), (-0.8818284813575734, 0.4714435575674583, 0.0109316739218758, 0), (-59.68480019388643, 94.80509297777276, 15.4633119110723, 1) ), ( (0.3408232423323233, 0.8069617241048321, -0.4823404330095489, 0), (-0.17761267918000762, -0.4485501375185979, -0.8759317954764213, 0), (-0.9231972994331069, 0.38420769117991826, -0.009549678403720549, 0), (-60.56092287718708, 93.13469545588636, 16.82707294838821, 1) ), ( (0.3408232423323232, 0.8069617241048326, -0.4823404330095487, -1.734723475976807e-18), (-0.17761267918000762, -0.4485501375185979, -0.8759317954764213, 8.673617379884035e-19), (-0.9231972994331069, 0.3842076911799183, -0.009549678403720521, -8.673617379884035e-19), (-61.5050118191063, 90.89941071692733, 18.163154251543993, 0.9999999999999999) ), ( (0.5678912425760173, 0.7269521894739394, -0.3860570564366271, 0), (-0.2436901875073559, -0.2995079823595418, -0.9224478635757939, 0), (-0.7862026641509787, 0.6179283799292292, 0.007063155098191297, 0), (-54.7641317159671, 100.74807814781944, 8.8313157896346, 1) ), ( (0.47493628143159866, 0.7937729642169828, -0.379947377748695, 0), (-0.1845936027594531, -0.33228397109836993, -0.9249392219877922, 0), (-0.8604421714445485, 0.5094230499587568, -0.011288302374921184, 0), (-58.32292865124432, 96.1924896143303, 11.250617707808987, 1) ), ( (0.2593149816775636, 0.8581763008742472, -0.4430453440623864, 0), (-0.11623083858159527, -0.4276727863949323, -0.8964297964368511, 0), (-0.9587732434940934, 0.28395320810828656, -0.011155409666529073, 0), (-60.38838072703695, 92.74044740218675, 12.902972591444923, 1) ), ( (0.132047654754056, 0.9020799403960612, -0.4108712669547386, 0), (-0.04819926404525088, -0.4081673218209039, -0.9116338455449353, 0), (-0.9900708296982847, 0.14018280398318816, -0.010417948356620282, 0), (-61.16638504262954, 90.16570859969893, 14.23221435669451, 1) ), ( (0.13204765475405567, 0.9020799403960613, -0.41087126695473863, -1.734723475976807e-18), (-0.048199241078685506, -0.4081673250727091, -0.9116338453032711, 8.673617379884035e-19), (-0.9900708308163573, 0.14018279451497517, -0.010417969503691327, -2.168404344971009e-19), (-61.47292692444218, 88.07155000773032, 15.186046857230957, 0.9999999999999999) ), ( (0.5619503439727194, 0.7591569280147068, -0.32847004362074744, 0), (-0.2122466657401866, -0.2514688400049032, -0.9443065050018254, 0), (-0.7994768062871592, 0.6003700368554892, 0.01981552560550833, 0), (-54.736715983981235, 100.09045260793043, 7.622479270893791, 1) ), ( (0.406563594566697, 0.8498772941137168, -0.33528290818792666, 0), (-0.15018028845384723, -0.2998223370327799, -0.942100019730454, 0), (-0.9011947206530482, 0.43337645432827704, 0.0057379701049384835, 0), (-58.12686778910331, 95.51058011731976, 9.60408558626698, 1) ), ( (0.07863580326076691, 0.9009233342056784, -0.42679451300275373, 0), (-0.020534026962574226, -0.42656561553083305, -0.90422349526182, 0), (-0.9966919103625925, 0.07986815091464869, -0.015043745784898609, 0), (-59.89086744277601, 91.82312028362945, 11.058814778351643, 1) ), ( (0.12516817199833752, 0.8957161654841811, -0.4266444416711772, 0), (-0.06439691358493455, -0.4217847829018327, -0.9044062330795766, 0), (-0.9900434163405812, 0.1406774601802644, 0.004887326252776013, 0), (-60.09963412241323, 89.43125606944038, 12.191917011624609, 1) ), ( (0.1251681719983374, 0.895716165484181, -0.4266444416711772, 0), (-0.0643969135849346, -0.4217847829018326, -0.9044062330795765, 0), (-0.9900434163405814, 0.1406774601802644, 0.004887326252776013, 0), (-60.34185382623015, 87.69793486576371, 13.017526352273443, 1) ), ( (0.39351982154680076, 0.8961474526631289, -0.20508996351640046, 0), (-0.12661302016203074, -0.1681320518191413, -0.9775994866388459, 0), (-0.9105554860497096, 0.41067183521209455, 0.04730064046402349, 0), (-54.88146416816257, 99.31555171771532, 6.5828422363539465, 1) ), ( (0.24274857111418813, 0.9288073254210402, -0.27998229134399505, 0), (-0.1237017362618682, -0.25662185317468966, -0.958563041703042, 0), (-0.9621699494724509, 0.2673241042581116, 0.052600490632493994, 0), (-57.06674987054494, 94.33908469380643, 7.721744374623074, 1) ), ( (0.2882119713447565, 0.8938812769941862, -0.3433804336487619, 0), (-0.14205100871059873, -0.3147177179946235, -0.9384957479416506, 0), (-0.9469716841056389, 0.3192632465842245, 0.036271323144188954, 0), (-57.810203868530714, 91.49445727415095, 8.579237356472596, 1) ), ( (0.1738748432733681, 0.944735302782152, -0.27792579325024275, 0), (-0.025874432607211756, -0.27774448906696503, -0.960306468024758, 0), (-0.9844277792778484, 0.17416430882946574, -0.02384828958306951, 0), (-58.25593618991254, 90.11204376740399, 9.1102835037248, 1) ), ( (0.17387484327336833, 0.9447353027821519, -0.2779257932502428, 0), (-0.025874432607211728, -0.2777444890669651, -0.960306468024758, 0), (-0.9844277792778483, 0.17416430882946574, -0.023848289583069518, 0), (-58.59539577216224, 88.26759577486213, 9.652890073855087, 1) ), ( (0.06945435305600633, -0.9961418406760829, 0.053642577268784145, 0), (-0.014972546533479783, -0.05480729152327841, -0.9983846872053804, 0), (0.9974727643860126, 0.06853899656654043, -0.01872138503897015, 0), (10.06400449699115, 91.4440312557713, -2.6598972068225084, 1) ), ( (0.06243935941480688, -0.9713819620028126, -0.22916895577594204, 0), (-0.03388795361337836, 0.22742116156781814, -0.9732066696601713, 0), (0.9974732743265686, 0.0685324679747604, -0.01871811522355794, 0), (13.066459964598739, 48.38161390837723, -0.3409715117313104, 1) ), ( (0.18282255952613055, -0.366720767696273, 0.9121906545610796, 0), (-0.09041804674894147, -0.9301678521046128, -0.35582628308375025, 0), (0.9789793095619642, -0.017425425428010455, -0.20321384302805812, 0), (15.707559610213956, 7.293499178651066, -10.034505173683328, 1) ), ( (0.16394656067207788, -0.2791760462103305, 0.946140719167167, -1.734723475976807e-18), (-0.0363448681482238, -0.9601765955400654, -0.277019775352551, 4.336808689942018e-19), (0.9857994602367587, 0.011029079719406143, -0.1675642670662751, -6.938893903907228e-18), (18.29739860193733, 2.0985840919305017, 2.8874607222294375, 0.9999999999999999) ), ( (0.16455589671236107, -0.2623761201783484, 0.95083128283484, 0), (-0.03347806825528726, -0.9649026536188509, -0.2604651377539696, 0), (0.9857994602367589, 0.011029079719406172, -0.16756426706627497, 0), (19.40667402923417, 0.44929190605351543, 9.30489645294124, 1) ), ( (0.07099973974683539, 0.9960896171669056, -0.05257862234948258, 0), (-0.019656032770213397, 0.05409857254504536, 0.9983421181260081, 0), (0.9972826466612253, -0.06984854344133672, 0.023420154728475473, 0), (-10.0268130304442, 91.52263494966019, -2.6321349800945426, 1) ), ( (0.06262677757028651, 0.9712050965734861, 0.2298663679637521, 0), (-0.038795153370151304, -0.22777546285294012, 0.9729405298357734, 0), (0.9972827195966791, -0.06984983115093488, 0.023413207427380817, 0), (-13.10604879053824, 48.32253885893361, -0.35181619968671457, 1) ), ( (0.17757107111591666, 0.36462364222845706, -0.9140667996545982, 0), (-0.08969376555608338, 0.9309583087245277, 0.35393736145981725, 0), (0.980012011723895, 0.019137056848458123, 0.19801573152672064, 0), (-15.752704463200939, 7.278639165986772, -10.06615038393492, 1) ), ( (0.17419838427758638, 0.2786122844412996, -0.9444734606506834, 1.734723475976807e-18), (-0.04471671859667627, 0.9603868596278778, 0.2750590753493653, -4.336808689942018e-19), (0.9836947382155826, -0.00568109254480062, 0.17975646634953993, 6.938893903907228e-18), (-18.278164624374938, 2.0928702224554883, 2.933936676057632, 0.9999999999999999) ), ( (0.17495226762107322, 0.261808782754436, -0.9491300571190886, 0), (-0.04166972595566619, 0.9651030444777063, 0.2585338420374434, 0), (0.9836947382155827, -0.00568109254480061, 0.17975646634954, 0), (-19.44873887302807, 0.4606556325444465, 9.288162127460172, 1) )]
            uniform token[] joints = ["Root", "Root/Hips", "Root/Hips/Spine1", "Root/Hips/Spine1/Spine2", "Root/Hips/Spine1/Spine2/Chest", "Root/Hips/Spine1/Spine2/Chest/Neck1", "Root/Hips/Spine1/Spine2/Chest/Neck1/Neck2", "Root/Hips/Spine1/Spine2/Chest/Neck1/Neck2/Head", "Root/Hips/Spine1/Spine2/Chest/Neck1/Neck2/Head/HeadEnd", "Root/Hips/Spine1/Spine2/Chest/Neck1/Neck2/Head/Jaw", "Root/Hips/Spine1/Spine2/Chest/Neck1/Neck2/Head/LeftEye", "Root/Hips/Spine1/Spine2/Chest/Neck1/Neck2/Head/RightEye", "Root/Hips/Spine1/Spine2/Chest/LeftShoulder", "Root/Hips/Spine1/Spine2/Chest/LeftShoulder/LeftArm", "Root/Hips/Spine1/Spine2/Chest/LeftShoulder/LeftArm/LeftForeArm", "Root/Hips/Spine1/Spine2/Chest/LeftShoulder/LeftArm/LeftForeArm/LeftHand", "Root/Hips/Spine1/Spine2/Chest/LeftShoulder/LeftArm/LeftForeArm/LeftHand/LeftHandThumb1", "Root/Hips/Spine1/Spine2/Chest/LeftShoulder/LeftArm/LeftForeArm/LeftHand/LeftHandThumb1/LeftHandThumb2", "Root/Hips/Spine1/Spine2/Chest/LeftShoulder/LeftArm/LeftForeArm/LeftHand/LeftHandThumb1/LeftHandThumb2/LeftHandThumb3", "Root/Hips/Spine1/Spine2/Chest/LeftShoulder/LeftArm/LeftForeArm/LeftHand/LeftHandThumb1/LeftHandThumb2/LeftHandThumb3/LeftHandThumbEnd", "Root/Hips/Spine1/Spine2/Chest/LeftShoulder/LeftArm/LeftForeArm/LeftHand/LeftHandIndex1", "Root/Hips/Spine1/Spine2/Chest/LeftShoulder/LeftArm/LeftForeArm/LeftHand/LeftHandIndex1/LeftHandIndex2", "Root/Hips/Spine1/Spine2/Chest/LeftShoulder/LeftArm/LeftForeArm/LeftHand/LeftHandIndex1/LeftHandIndex2/LeftHandIndex3", "Root/Hips/Spine1/Spine2/Chest/LeftShoulder/LeftArm/LeftForeArm/LeftHand/LeftHandIndex1/LeftHandIndex2/LeftHandIndex3/LeftHandIndex4", "Root/Hips/Spine1/Spine2/Chest/LeftShoulder/LeftArm/LeftForeArm/LeftHand/LeftHandIndex1/LeftHandIndex2/LeftHandIndex3/LeftHandIndex4/LeftHandIndexEnd", "Root/Hips/Spine1/Spine2/Chest/LeftShoulder/LeftArm/LeftForeArm/LeftHand/LeftHandMiddle1", "Root/Hips/Spine1/Spine2/Chest/LeftShoulder/LeftArm/LeftForeArm/LeftHand/LeftHandMiddle1/LeftHandMiddle2", "Root/Hips/Spine1/Spine2/Chest/LeftShoulder/LeftArm/LeftForeArm/LeftHand/LeftHandMiddle1/LeftHandMiddle2/LeftHandMiddle3", "Root/Hips/Spine1/Spine2/Chest/LeftShoulder/LeftArm/LeftForeArm/LeftHand/LeftHandMiddle1/LeftHandMiddle2/LeftHandMiddle3/LeftHandMiddle4", "Root/Hips/Spine1/Spine2/Chest/LeftShoulder/LeftArm/LeftForeArm/LeftHand/LeftHandMiddle1/LeftHandMiddle2/LeftHandMiddle3/LeftHandMiddle4/LeftHandMiddleEnd", "Root/Hips/Spine1/Spine2/Chest/LeftShoulder/LeftArm/LeftForeArm/LeftHand/LeftHandRing1", "Root/Hips/Spine1/Spine2/Chest/LeftShoulder/LeftArm/LeftForeArm/LeftHand/LeftHandRing1/LeftHandRing2", "Root/Hips/Spine1/Spine2/Chest/LeftShoulder/LeftArm/LeftForeArm/LeftHand/LeftHandRing1/LeftHandRing2/LeftHandRing3", "Root/Hips/Spine1/Spine2/Chest/LeftShoulder/LeftArm/LeftForeArm/LeftHand/LeftHandRing1/LeftHandRing2/LeftHandRing3/LeftHandRing4", "Root/Hips/Spine1/Spine2/Chest/LeftShoulder/LeftArm/LeftForeArm/LeftHand/LeftHandRing1/LeftHandRing2/LeftHandRing3/LeftHandRing4/LeftHandRingEnd", "Root/Hips/Spine1/Spine2/Chest/LeftShoulder/LeftArm/LeftForeArm/LeftHand/LeftHandPinky1", "Root/Hips/Spine1/Spine2/Chest/LeftShoulder/LeftArm/LeftForeArm/LeftHand/LeftHandPinky1/LeftHandPinky2", "Root/Hips/Spine1/Spine2/Chest/LeftShoulder/LeftArm/LeftForeArm/LeftHand/LeftHandPinky1/LeftHandPinky2/LeftHandPinky3", "Root/Hips/Spine1/Spine2/Chest/LeftShoulder/LeftArm/LeftForeArm/LeftHand/LeftHandPinky1/LeftHandPinky2/LeftHandPinky3/LeftHandPinky4", "Root/Hips/Spine1/Spine2/Chest/LeftShoulder/LeftArm/LeftForeArm/LeftHand/LeftHandPinky1/LeftHandPinky2/LeftHandPinky3/LeftHandPinky4/LeftHandPinkyEnd", "Root/Hips/Spine1/Spine2/Chest/RightShoulder", "Root/Hips/Spine1/Spine2/Chest/RightShoulder/RightArm", "Root/Hips/Spine1/Spine2/Chest/RightShoulder/RightArm/RightForeArm", "Root/Hips/Spine1/Spine2/Chest/RightShoulder/RightArm/RightForeArm/RightHand", "Root/Hips/Spine1/Spine2/Chest/RightShoulder/RightArm/RightForeArm/RightHand/RightHandThumb1", "Root/Hips/Spine1/Spine2/Chest/RightShoulder/RightArm/RightForeArm/RightHand/RightHandThumb1/RightHandThumb2", "Root/Hips/Spine1/Spine2/Chest/RightShoulder/RightArm/RightForeArm/RightHand/RightHandThumb1/RightHandThumb2/RightHandThumb3", "Root/Hips/Spine1/Spine2/Chest/RightShoulder/RightArm/RightForeArm/RightHand/RightHandThumb1/RightHandThumb2/RightHandThumb3/RightHandThumbEnd", "Root/Hips/Spine1/Spine2/Chest/RightShoulder/RightArm/RightForeArm/RightHand/RightHandIndex1", "Root/Hips/Spine1/Spine2/Chest/RightShoulder/RightArm/RightForeArm/RightHand/RightHandIndex1/RightHandIndex2", "Root/Hips/Spine1/Spine2/Chest/RightShoulder/RightArm/RightForeArm/RightHand/RightHandIndex1/RightHandIndex2/RightHandIndex3", "Root/Hips/Spine1/Spine2/Chest/RightShoulder/RightArm/RightForeArm/RightHand/RightHandIndex1/RightHandIndex2/RightHandIndex3/RightHandIndex4", "Root/Hips/Spine1/Spine2/Chest/RightShoulder/RightArm/RightForeArm/RightHand/RightHandIndex1/RightHandIndex2/RightHandIndex3/RightHandIndex4/RightHandIndexEnd", "Root/Hips/Spine1/Spine2/Chest/RightShoulder/RightArm/RightForeArm/RightHand/RightHandMiddle1", "Root/Hips/Spine1/Spine2/Chest/RightShoulder/RightArm/RightForeArm/RightHand/RightHandMiddle1/RightHandMiddle2", "Root/Hips/Spine1/Spine2/Chest/RightShoulder/RightArm/RightForeArm/RightHand/RightHandMiddle1/RightHandMiddle2/RightHandMiddle3", "Root/Hips/Spine1/Spine2/Chest/RightShoulder/RightArm/RightForeArm/RightHand/RightHandMiddle1/RightHandMiddle2/RightHandMiddle3/RightHandMiddle4", "Root/Hips/Spine1/Spine2/Chest/RightShoulder/RightArm/RightForeArm/RightHand/RightHandMiddle1/RightHandMiddle2/RightHandMiddle3/RightHandMiddle4/RightHandMiddleEnd", "Root/Hips/Spine1/Spine2/Chest/RightShoulder/RightArm/RightForeArm/RightHand/RightHandRing1", "Root/Hips/Spine1/Spine2/Chest/RightShoulder/RightArm/RightForeArm/RightHand/RightHandRing1/RightHandRing2", "Root/Hips/Spine1/Spine2/Chest/RightShoulder/RightArm/RightForeArm/RightHand/RightHandRing1/RightHandRing2/RightHandRing3", "Root/Hips/Spine1/Spine2/Chest/RightShoulder/RightArm/RightForeArm/RightHand/RightHandRing1/RightHandRing2/RightHandRing3/RightHandRing4", "Root/Hips/Spine1/Spine2/Chest/RightShoulder/RightArm/RightForeArm/RightHand/RightHandRing1/RightHandRing2/RightHandRing3/RightHandRing4/RightHandRingEnd", "Root/Hips/Spine1/Spine2/Chest/RightShoulder/RightArm/RightForeArm/RightHand/RightHandPinky1", "Root/Hips/Spine1/Spine2/Chest/RightShoulder/RightArm/RightForeArm/RightHand/RightHandPinky1/RightHandPinky2", "Root/Hips/Spine1/Spine2/Chest/RightShoulder/RightArm/RightForeArm/RightHand/RightHandPinky1/RightHandPinky2/RightHandPinky3", "Root/Hips/Spine1/Spine2/Chest/RightShoulder/RightArm/RightForeArm/RightHand/RightHandPinky1/RightHandPinky2/RightHandPinky3/RightHandPinky4", "Root/Hips/Spine1/Spine2/Chest/RightShoulder/RightArm/RightForeArm/RightHand/RightHandPinky1/RightHandPinky2/RightHandPinky3/RightHandPinky4/RightHandPinkyEnd", "Root/Hips/LeftLeg", "Root/Hips/LeftLeg/LeftShin", "Root/Hips/LeftLeg/LeftShin/LeftFoot", "Root/Hips/LeftLeg/LeftShin/LeftFoot/LeftToeBase", "Root/Hips/LeftLeg/LeftShin/LeftFoot/LeftToeBase/LeftToeEnd", "Root/Hips/RightLeg", "Root/Hips/RightLeg/RightShin", "Root/Hips/RightLeg/RightShin/RightFoot", "Root/Hips/RightLeg/RightShin/RightFoot/RightToeBase", "Root/Hips/RightLeg/RightShin/RightFoot/RightToeBase/RightToeEnd"]
